TRINITY_DN2928_c0_g2_i2	XM_019044995.1_(LOC109032723)_X2	87.500	120	15	0	476	595	1467	1586	1.10e-35	139
TRINITY_DN2963_c0_g2_i1	XM_019044995.1_(LOC109032723)_X2	89.256	121	13	0	38	158	1586	1466	2.38e-39	152
TRINITY_DN631_c4_g1_i1	XM_019044995.1_(LOC109032723)_X2	90.179	112	7	1	770	877	1303	1414	1.22e-36	143
TRINITY_DN59834_c0_g1_i1	XM_019043541.1_(LOC109031789)	99.278	277	1	1	1	277	519	244	1.91e-144	499
TRINITY_DN7289_c0_g1_i1	XM_019044441.1_(LOC109032360)	95.381	1169	45	6	2	1168	1289	128	0.0	1851
TRINITY_DN15300_c0_g1_i8	XM_019044995.1_(LOC109032723)_X2	87.500	120	15	0	168	287	1586	1467	5.90e-36	139
TRINITY_DN19039_c0_g2_i1	XM_019044995.1_(LOC109032723)_X2	90.833	120	11	0	1301	1420	1467	1586	5.62e-42	161
TRINITY_DN4998_c0_g1_i4	XM_019044995.1_(LOC109032723)_X2	92.727	110	8	0	143	252	1467	1576	3.32e-42	159
TRINITY_DN6240_c0_g1_i1	XM_019044995.1_(LOC109032723)_X2	94.643	112	6	0	111	222	1578	1467	1.53e-45	174
TRINITY_DN3640_c0_g3_i1	XM_019044995.1_(LOC109032723)_X2	85.135	148	16	2	566	709	1297	1442	8.06e-38	147
TRINITY_DN16102_c0_g1_i3	XM_019059300.1_(LOC109042510)_X2	97.050	1288	37	1	149	1436	1287	1	0.0	2167
TRINITY_DN16102_c0_g1_i5	XM_019059300.1_(LOC109042510)_X2	97.217	1150	31	1	149	1298	1287	139	0.0	1945
TRINITY_DN16102_c0_g1_i1	XM_019059300.1_(LOC109042510)_X2	96.793	873	27	1	149	1021	1287	416	0.0	1456
TRINITY_DN16102_c0_g1_i2	XM_019059300.1_(LOC109042510)_X2	96.311	732	26	1	149	880	1287	557	0.0	1201
TRINITY_DN16102_c0_g1_i2	XM_019059300.1_(LOC109042510)_X2	100.000	82	0	0	875	956	638	557	2.20e-39	152
TRINITY_DN1862_c0_g1_i7	XM_019044995.1_(LOC109032723)_X2	92.000	75	5	1	1	75	1373	1446	4.50e-25	104
TRINITY_DN1862_c0_g1_i4	XM_019044995.1_(LOC109032723)_X2	92.000	75	5	1	1	75	1373	1446	4.50e-25	104
TRINITY_DN5468_c0_g1_i1	XM_019059295.1_(LOC109042507)_X2	97.358	1211	32	0	215	1425	1333	123	0.0	2060
TRINITY_DN5468_c0_g1_i1	XM_019059295.1_(LOC109042507)_X2	93.776	241	14	1	1419	1659	362	123	6.53e-102	361
TRINITY_DN5468_c0_g1_i1	XM_019059295.1_(LOC109042507)_X2	96.196	184	7	0	1653	1836	362	179	4.01e-84	302
TRINITY_DN5468_c0_g1_i2	XM_019059295.1_(LOC109042507)_X2	98.507	737	11	0	215	951	1333	597	0.0	1301
TRINITY_DN20760_c0_g1_i1	XM_019043541.1_(LOC109031789)	99.228	518	4	0	25	542	1260	743	0.0	935
TRINITY_DN4530_c1_g1_i1	XM_019044995.1_(LOC109032723)_X2	83.846	130	12	3	897	1022	1310	1434	1.60e-27	115
TRINITY_DN4530_c1_g1_i8	XM_019044995.1_(LOC109032723)_X2	83.846	130	12	3	897	1022	1310	1434	3.74e-28	115
TRINITY_DN4530_c1_g1_i2	XM_019044995.1_(LOC109032723)_X2	83.846	130	12	3	897	1022	1310	1434	1.60e-27	115
TRINITY_DN4530_c1_g1_i9	XM_019044995.1_(LOC109032723)_X2	83.846	130	12	3	153	278	1310	1434	4.31e-28	115
TRINITY_DN7648_c0_g1_i2	XM_019044995.1_(LOC109032723)_X2	86.111	72	6	3	25	94	1436	1367	1.88e-16	75.0
TRINITY_DN7648_c0_g1_i10	XM_019044995.1_(LOC109032723)_X2	86.111	72	6	3	25	94	1436	1367	1.64e-16	75.0
TRINITY_DN7648_c0_g1_i6	XM_019044995.1_(LOC109032723)_X2	86.111	72	6	3	25	94	1436	1367	2.49e-16	75.0
TRINITY_DN7648_c0_g1_i9	XM_019044995.1_(LOC109032723)_X2	86.111	72	6	3	25	94	1436	1367	2.49e-16	75.0
TRINITY_DN2080_c5_g1_i1	XM_019044995.1_(LOC109032723)_X2	90.833	120	11	0	3	122	1586	1467	1.77e-42	161
TRINITY_DN2016_c0_g1_i1	XM_019044995.1_(LOC109032723)_X2	100.000	28	0	0	1442	1469	1326	1299	3.88e-09	52.8
TRINITY_DN1661_c6_g1_i1	XM_019044995.1_(LOC109032723)_X2	95.152	165	5	2	1	162	1467	1303	2.82e-71	257
TRINITY_DN3273_c1_g3_i2	XM_019044995.1_(LOC109032723)_X2	93.204	103	6	1	6	108	1344	1445	1.19e-38	150
TRINITY_DN3273_c1_g3_i3	XM_019044995.1_(LOC109032723)_X2	93.204	103	6	1	6	108	1344	1445	1.16e-38	150
TRINITY_DN9982_c0_g1_i2	XM_019044995.1_(LOC109032723)_X2	86.667	120	16	0	112	231	1586	1467	2.41e-34	134
TRINITY_DN28152_c0_g1_i1	XM_019044995.1_(LOC109032723)_X2	97.135	349	10	0	188	536	959	1307	2.19e-171	590
TRINITY_DN6029_c0_g1_i1	XM_019044995.1_(LOC109032723)_X2	87.879	99	8	1	1961	2055	1304	1402	2.25e-27	113
TRINITY_DN8628_c0_g1_i1	XM_019044995.1_(LOC109032723)_X2	93.421	76	5	0	4388	4463	1442	1367	4.91e-27	113
TRINITY_DN8628_c0_g1_i2	XM_019044995.1_(LOC109032723)_X2	93.421	76	5	0	4409	4484	1442	1367	4.94e-27	113
TRINITY_DN55752_c0_g1_i1	XM_019044995.1_(LOC109032723)_X2	85.075	134	14	4	7	135	1436	1304	6.58e-34	132
TRINITY_DN38898_c0_g1_i1	XM_019057048.1_(LOC109040923)	88.031	259	28	3	154	410	1614	1357	2.42e-85	303
TRINITY_DN4198_c0_g1_i1	XM_019051187.1_(LOC109036811)	95.942	1306	44	2	5	1309	1323	26	0.0	2109
TRINITY_DN4198_c0_g1_i2	XM_019051187.1_(LOC109036811)	94.712	1059	47	2	5	1062	1323	273	0.0	1637
TRINITY_DN2291_c7_g1_i1	XM_019044995.1_(LOC109032723)_X2	87.597	129	12	1	230	354	1307	1435	3.70e-38	147
TRINITY_DN42254_c0_g1_i1	XM_019057048.1_(LOC109040923)	96.875	224	6	1	1	224	126	348	9.67e-107	374
TRINITY_DN10652_c0_g3_i1	XM_019044995.1_(LOC109032723)_X2	89.286	84	5	1	1	84	1355	1434	5.99e-24	102
TRINITY_DN10652_c0_g3_i2	XM_019044995.1_(LOC109032723)_X2	89.286	84	5	1	1	84	1355	1434	5.99e-24	102
TRINITY_DN54733_c0_g1_i1	XM_019059005.1_(LOC109042327)	94.882	508	25	1	9	515	92	599	0.0	793
TRINITY_DN13105_c0_g1_i1	XM_019043181.1_(LOC109031589)	96.043	1289	49	1	1	1289	1320	34	0.0	2097
TRINITY_DN13105_c0_g1_i2	XM_019043181.1_(LOC109031589)	96.148	1246	46	1	1	1246	1320	77	0.0	2034
TRINITY_DN127_c0_g1_i15	XM_019044995.1_(LOC109032723)_X2	87.117	163	12	5	1411	1567	1460	1301	3.98e-46	176
TRINITY_DN127_c0_g1_i13	XM_019044995.1_(LOC109032723)_X2	88.591	149	10	3	75	217	1448	1301	7.57e-46	174
TRINITY_DN52256_c0_g1_i1	XM_019044995.1_(LOC109032723)_X2	87.500	120	14	1	418	537	1446	1328	3.43e-35	137
TRINITY_DN8102_c0_g5_i1	XM_019044995.1_(LOC109032723)_X2	91.071	112	10	0	142	253	1578	1467	6.85e-40	152
TRINITY_DN8102_c0_g5_i2	XM_019044995.1_(LOC109032723)_X2	89.381	113	12	0	142	254	1578	1466	4.12e-37	143
TRINITY_DN846_c4_g1_i5	XM_019044995.1_(LOC109032723)_X2	86.111	72	6	3	74	143	1367	1436	1.98e-16	75.0
TRINITY_DN846_c4_g1_i6	XM_019044995.1_(LOC109032723)_X2	84.722	72	7	3	285	354	1367	1436	1.43e-14	69.4
TRINITY_DN846_c4_g1_i4	XM_019044995.1_(LOC109032723)_X2	84.722	72	7	3	285	354	1367	1436	1.32e-14	69.4
TRINITY_DN5144_c2_g1_i8	XM_019044995.1_(LOC109032723)_X2	85.616	146	16	3	4193	4334	1304	1448	1.36e-37	148
TRINITY_DN5144_c2_g1_i12	XM_019044995.1_(LOC109032723)_X2	85.616	146	16	3	835	976	1304	1448	3.75e-38	148
TRINITY_DN5144_c2_g1_i18	XM_019044995.1_(LOC109032723)_X2	85.616	146	16	3	3391	3532	1304	1448	1.09e-37	148
TRINITY_DN5164_c2_g1_i2	XM_019044995.1_(LOC109032723)_X2	90.385	104	10	0	1	104	1569	1466	4.43e-35	137
TRINITY_DN5164_c2_g2_i1	XM_019044995.1_(LOC109032723)_X2	90.291	103	10	0	1	103	1569	1467	9.93e-35	135
TRINITY_DN5164_c2_g2_i2	XM_019044995.1_(LOC109032723)_X2	90.291	103	10	0	1	103	1569	1467	9.95e-35	135
TRINITY_DN1297_c0_g1_i1	XM_019044995.1_(LOC109032723)_X2	88.618	123	14	0	45	167	1586	1464	1.53e-38	150
TRINITY_DN1239_c1_g3_i1	XM_019044995.1_(LOC109032723)_X2	87.671	146	13	3	1827	1967	1301	1446	1.29e-42	165
TRINITY_DN2690_c0_g1_i5	XM_019044995.1_(LOC109032723)_X2	89.091	110	12	0	1317	1426	1467	1576	9.25e-35	137
TRINITY_DN2690_c0_g1_i1	XM_019044995.1_(LOC109032723)_X2	89.091	110	12	0	1353	1462	1467	1576	9.48e-35	137
TRINITY_DN2690_c0_g1_i11	XM_019044995.1_(LOC109032723)_X2	89.091	110	12	0	1279	1388	1467	1576	9.00e-35	137
TRINITY_DN5024_c0_g1_i16	XM_019054602.1_(LOC109039209)	97.778	450	7	2	19	468	1	447	0.0	773
TRINITY_DN5024_c0_g1_i4	XM_019054602.1_(LOC109039209)	95.812	573	20	3	88	656	379	951	0.0	922
TRINITY_DN5024_c0_g1_i14	XM_019054602.1_(LOC109039209)	96.000	275	11	0	124	398	378	652	1.02e-128	448
TRINITY_DN5024_c0_g1_i1	XM_019054602.1_(LOC109039209)	97.109	1833	46	2	169	2001	161	1986	0.0	3085
TRINITY_DN5024_c0_g1_i6	XM_019054602.1_(LOC109039209)	97.924	289	4	1	169	457	161	447	3.34e-144	499
TRINITY_DN5024_c0_g1_i2	XM_019054602.1_(LOC109039209)	97.111	1800	45	2	238	2037	194	1986	0.0	3029
TRINITY_DN5024_c0_g1_i13	XM_019054602.1_(LOC109039209)	97.054	1799	45	3	1	1799	196	1986	0.0	3022
TRINITY_DN3919_c2_g1_i2	XM_019044995.1_(LOC109032723)_X2	93.151	73	4	1	2	74	1377	1448	3.11e-25	106
TRINITY_DN3919_c2_g1_i1	XM_019044995.1_(LOC109032723)_X2	93.151	73	4	1	2	74	1377	1448	3.45e-25	106
TRINITY_DN5992_c2_g1_i1	XM_019044995.1_(LOC109032723)_X2	91.150	113	10	0	66	178	1466	1578	1.79e-40	154
TRINITY_DN8777_c1_g1_i1	XM_019044995.1_(LOC109032723)_X2	88.333	120	14	0	105	224	1467	1586	9.94e-38	145
TRINITY_DN2513_c0_g1_i1	XM_019044995.1_(LOC109032723)_X2	91.111	90	8	0	3408	3497	1442	1353	6.40e-30	122
TRINITY_DN2513_c0_g1_i4	XM_019044995.1_(LOC109032723)_X2	91.111	90	8	0	3407	3496	1442	1353	6.40e-30	122
TRINITY_DN13793_c0_g2_i6	XM_019059005.1_(LOC109042327)	96.888	707	20	2	2	706	795	1501	0.0	1182
TRINITY_DN13793_c0_g2_i6	XM_019059005.1_(LOC109042327)	98.331	659	9	2	682	1339	1506	2163	0.0	1155
TRINITY_DN560_c0_g2_i3	XM_019044995.1_(LOC109032723)_X2	88.333	120	14	0	45	164	1586	1467	6.81e-37	145
TRINITY_DN560_c0_g2_i4	XM_019044995.1_(LOC109032723)_X2	88.333	120	14	0	45	164	1586	1467	3.04e-37	145
TRINITY_DN560_c0_g2_i1	XM_019044995.1_(LOC109032723)_X2	88.333	120	14	0	45	164	1586	1467	1.09e-36	145
TRINITY_DN566_c0_g2_i1	XM_019044995.1_(LOC109032723)_X2	86.364	132	13	3	169	295	1305	1436	5.56e-36	139
TRINITY_DN566_c0_g2_i2	XM_019044995.1_(LOC109032723)_X2	85.821	134	15	2	167	296	1303	1436	5.57e-36	139
TRINITY_DN590_c0_g1_i9	XM_019044995.1_(LOC109032723)_X2	94.215	121	7	0	208	328	1586	1466	7.54e-50	185
TRINITY_DN590_c0_g1_i22	XM_019044995.1_(LOC109032723)_X2	94.215	121	7	0	187	307	1586	1466	1.04e-49	185
TRINITY_DN590_c0_g1_i17	XM_019044995.1_(LOC109032723)_X2	94.215	121	7	0	187	307	1586	1466	7.06e-50	185
TRINITY_DN590_c0_g1_i16	XM_019044995.1_(LOC109032723)_X2	94.215	121	7	0	208	328	1586	1466	7.54e-50	185
TRINITY_DN590_c0_g1_i14	XM_019044995.1_(LOC109032723)_X2	94.215	121	7	0	187	307	1586	1466	7.06e-50	185
TRINITY_DN590_c0_g1_i26	XM_019044995.1_(LOC109032723)_X2	94.215	121	7	0	187	307	1586	1466	7.06e-50	185
TRINITY_DN590_c0_g1_i5	XM_019044995.1_(LOC109032723)_X2	94.215	121	7	0	187	307	1586	1466	1.04e-49	185
TRINITY_DN590_c0_g1_i20	XM_019044995.1_(LOC109032723)_X2	94.318	88	5	0	230	317	1586	1499	7.14e-35	135
TRINITY_DN590_c0_g2_i6	XM_019044995.1_(LOC109032723)_X2	94.505	91	5	0	1	91	1496	1586	2.92e-36	141
TRINITY_DN590_c0_g2_i10	XM_019044995.1_(LOC109032723)_X2	94.505	91	5	0	1	91	1496	1586	1.37e-36	141
TRINITY_DN590_c0_g2_i38	XM_019044995.1_(LOC109032723)_X2	94.505	91	5	0	1	91	1496	1586	2.32e-36	141
TRINITY_DN590_c0_g2_i21	XM_019044995.1_(LOC109032723)_X2	94.505	91	5	0	1	91	1496	1586	1.07e-36	141
TRINITY_DN590_c0_g2_i36	XM_019044995.1_(LOC109032723)_X2	94.505	91	5	0	1	91	1496	1586	1.97e-36	141
TRINITY_DN590_c0_g2_i19	XM_019044995.1_(LOC109032723)_X2	94.068	118	7	0	1	118	1469	1586	2.82e-48	180
TRINITY_DN590_c0_g2_i17	XM_019044995.1_(LOC109032723)_X2	94.505	91	5	0	1	91	1496	1586	2.92e-36	141
TRINITY_DN590_c0_g2_i20	XM_019044995.1_(LOC109032723)_X2	94.505	91	5	0	1	91	1496	1586	1.45e-36	141
TRINITY_DN590_c0_g2_i13	XM_019044995.1_(LOC109032723)_X2	94.505	91	5	0	1	91	1496	1586	1.98e-36	141
TRINITY_DN590_c0_g2_i14	XM_019044995.1_(LOC109032723)_X2	94.505	91	5	0	1	91	1496	1586	1.90e-36	141
TRINITY_DN590_c0_g2_i30	XM_019044995.1_(LOC109032723)_X2	94.505	91	5	0	1	91	1496	1586	2.92e-36	141
TRINITY_DN590_c0_g2_i33	XM_019044995.1_(LOC109032723)_X2	94.505	91	5	0	1	91	1496	1586	2.51e-36	141
TRINITY_DN590_c0_g2_i16	XM_019044995.1_(LOC109032723)_X2	94.505	91	5	0	1	91	1496	1586	1.67e-36	141
TRINITY_DN559_c0_g1_i1	XM_019044995.1_(LOC109032723)_X2	91.057	123	11	0	380	502	1464	1586	5.19e-44	167
TRINITY_DN338_c0_g1_i1	XM_019044995.1_(LOC109032723)_X2	87.121	132	13	1	497	624	1436	1305	4.83e-37	147
TRINITY_DN392_c1_g1_i19	XM_019044995.1_(LOC109032723)_X2	95.425	153	7	0	5525	5677	943	791	2.69e-66	244
TRINITY_DN4249_c0_g1_i3	XM_019044995.1_(LOC109032723)_X2	84.252	127	14	3	2	122	1436	1310	3.14e-29	119
TRINITY_DN4249_c0_g1_i5	XM_019044995.1_(LOC109032723)_X2	84.252	127	14	3	2	122	1436	1310	6.29e-29	119
TRINITY_DN4249_c0_g1_i2	XM_019044995.1_(LOC109032723)_X2	84.252	127	14	3	2	122	1436	1310	6.30e-29	119
TRINITY_DN4249_c0_g1_i4	XM_019044995.1_(LOC109032723)_X2	84.252	127	14	3	2	122	1436	1310	5.22e-29	119
TRINITY_DN3200_c1_g2_i1	XM_019044995.1_(LOC109032723)_X2	85.714	147	16	2	727	869	1303	1448	7.21e-39	150
TRINITY_DN3163_c0_g1_i3	XM_019043171.1_(LOC109031579)_X2	96.977	1257	36	2	17	1271	1414	158	0.0	2109
TRINITY_DN3163_c0_g1_i3	XM_019043171.1_(LOC109031579)_X2	100.000	54	0	0	1265	1318	120	67	1.12e-23	100
TRINITY_DN3163_c0_g1_i2	XM_019043171.1_(LOC109031579)_X2	96.277	188	7	0	1	188	1224	1037	2.92e-87	309
TRINITY_DN3163_c0_g1_i4	XM_019043171.1_(LOC109031579)_X2	96.897	1257	37	2	17	1271	1414	158	0.0	2104
TRINITY_DN3163_c0_g1_i4	XM_019043171.1_(LOC109031579)_X2	100.000	54	0	0	1265	1318	120	67	1.12e-23	100
TRINITY_DN3163_c0_g1_i1	XM_019043171.1_(LOC109031579)_X2	95.704	1257	35	3	17	1254	1414	158	0.0	2004
TRINITY_DN3163_c0_g1_i1	XM_019043171.1_(LOC109031579)_X2	100.000	54	0	0	1248	1301	120	67	1.11e-23	100
TRINITY_DN3163_c0_g2_i1	XM_019043171.1_(LOC109031579)_X2	100.000	54	0	0	160	213	120	67	1.72e-24	100
TRINITY_DN14893_c0_g1_i1	XM_019044995.1_(LOC109032723)_X2	84.211	76	10	2	50	123	1436	1361	5.30e-16	73.1
TRINITY_DN3514_c1_g1_i1	XM_019044995.1_(LOC109032723)_X2	85.833	120	17	0	30	149	1586	1467	3.23e-32	128
TRINITY_DN3514_c1_g1_i8	XM_019044995.1_(LOC109032723)_X2	86.607	112	15	0	38	149	1578	1467	2.40e-31	124
